-0.406900
-0.406118
-0.405337
-0.404555
-0.403773
-0.402991
-0.402209
-0.401427
-0.400646
-0.399864
-0.399082
-0.398300
-0.397518
-0.396736
-0.395954
-0.395172
-0.394390
-0.393608
-0.392826
-0.392044
-0.391262
-0.390480
-0.389698
-0.388916
-0.388134
-0.387352
-0.386570
-0.385788
-0.385006
-0.384224
-0.383441
-0.382659
-0.381877
-0.381095
-0.380313
-0.379531
-0.378748
-0.377966
-0.377184
-0.376402
-0.375619
-0.374837
-0.374055
-0.373273
-0.372490
-0.371708
-0.370926
-0.370143
-0.369361
-0.368578
-0.367796
-0.367014
-0.366231
-0.365449
-0.364666
-0.363884
-0.363102
-0.362319
-0.361537
-0.360754
-0.359972
-0.359189
-0.358407
-0.357624
-0.356842
-0.356059
-0.355277
-0.354494
-0.353711
-0.352929
-0.352146
-0.351364
-0.350581
-0.349798
-0.349016
-0.348233
-0.347450
-0.346668
-0.345885
-0.345102
-0.344320
-0.343537
-0.342754
-0.341971
-0.341189
-0.340406
-0.339623
-0.338840
-0.338057
-0.337275
-0.336492
-0.335709
-0.334926
-0.334143
-0.333360
-0.332578
-0.331795
-0.331012
-0.330229
-0.329446
-0.328663
-0.327880
-0.327097
-0.326314
-0.325531
-0.324748
-0.323965
-0.323182
-0.322399
-0.321616
-0.320833
-0.320050
-0.319267
-0.318484
-0.317701
-0.316918
-0.316135
-0.315352
-0.314569
-0.313785
-0.313002
-0.312219
-0.311436
-0.310653
-0.309870
-0.309087
-0.308303
-0.307520
-0.306737
-0.305954
-0.305171
-0.304387
-0.303604
-0.302821
-0.302038
-0.301254
-0.300471
-0.299688
-0.298904
-0.298121
-0.297338
-0.296554
-0.295771
-0.294988
-0.294204
-0.293421
-0.292638
-0.291854
-0.291071
-0.290287
-0.289504
-0.288721
-0.287937
-0.287154
-0.286370
-0.285587
-0.284803
-0.284020
-0.283236
-0.282453
-0.281669
-0.280886
-0.280102
-0.279319
-0.278535
-0.277752
-0.276968
-0.276185
-0.275401
-0.274617
-0.273834
-0.273050
-0.272267
-0.271483
-0.270699
-0.269916
-0.269132
-0.268349
-0.267565
-0.266781
-0.265998
-0.265214
-0.264430
-0.263646
-0.262863
-0.262079
-0.261295
-0.260512
-0.259728
-0.258944
-0.258160
-0.257377
-0.256593
-0.255809
-0.255025
-0.254241
-0.253458
-0.252674
-0.251890
-0.251106
-0.250322
-0.249539
-0.248755
-0.247971
-0.247187
-0.246403
-0.245619
-0.244835
-0.244051
-0.243268
-0.242484
-0.241700
-0.240916
-0.240132
-0.239348
-0.238564
-0.237780
-0.236996
-0.236212
-0.235428
-0.234644
-0.233860
-0.233076
-0.232292
-0.231508
-0.230724
-0.229940
-0.229156
-0.228372
-0.227588
-0.226804
-0.226020
-0.225236
-0.224452
-0.223668
-0.222883
-0.222099
-0.221315
-0.220531
-0.219747
-0.218963
-0.218179
-0.217395
-0.216610
-0.215826
-0.215042
-0.214258
-0.213474
-0.212690
-0.211905
-0.211121
-0.210337
-0.209553
-0.208769
-0.207984
-0.207200
-0.206416
-0.205632
-0.204847
-0.204063
-0.203279
-0.202495
-0.201710
-0.200926
-0.200142
-0.199358
-0.198573
-0.197789
-0.197005
-0.196220
-0.195436
-0.194652
-0.193867
-0.193083
-0.192299
-0.191514
-0.190730
-0.189946
-0.189161
-0.188377
-0.187593
-0.186808
-0.186024
-0.185239
-0.184455
-0.183671
-0.182886
-0.182102
-0.181317
-0.180533
-0.179748
-0.178964
-0.178180
-0.177395
-0.176611
-0.175826
-0.175042
-0.174257
-0.173473
-0.172688
-0.171904
-0.171119
-0.170335
-0.169550
-0.168766
-0.167981
-0.167197
-0.166412
-0.165628
-0.164843
-0.164059
-0.163274
-0.162490
-0.161705
-0.160920
-0.160136
-0.159351
-0.158567
-0.157782
-0.156998
-0.156213
-0.155428
-0.154644
-0.153859
-0.153075
-0.152290
-0.151505
-0.150721
-0.149936
-0.149152
-0.148367
-0.147582
-0.146798
-0.146013
-0.145228
-0.144444
-0.143659
-0.142874
-0.142090
-0.141305
-0.140520
-0.139736
-0.138951
-0.138166
-0.137382
-0.136597
-0.135812
-0.135027
-0.134243
-0.133458
-0.132673
-0.131889
-0.131104
-0.130319
-0.129534
-0.128750
-0.127965
-0.127180
-0.126395
-0.125611
-0.124826
-0.124041
-0.123256
-0.122472
-0.121687
-0.120902
-0.120117
-0.119333
-0.118548
-0.117763
-0.116978
-0.116193
-0.115409
-0.114624
-0.113839
-0.113054
-0.112269
-0.111485
-0.110700
-0.109915
-0.109130
-0.108345
-0.107560
-0.106776
-0.105991
-0.105206
-0.104421
-0.103636
-0.102851
-0.102067
-0.101282
-0.100497
-0.099712
-0.098927
-0.098142
-0.097357
-0.096572
-0.095788
-0.095003
-0.094218
-0.093433
-0.092648
-0.091863
-0.091078
-0.090293
-0.089509
-0.088724
-0.087939
-0.087154
-0.086369
-0.085584
-0.084799
-0.084014
-0.083229
-0.082444
-0.081659
-0.080874
-0.080090
-0.079305
-0.078520
-0.077735
-0.076950
-0.076165
-0.075380
-0.074595
-0.073810
-0.073025
-0.072240
-0.071455
-0.070670
-0.069885
-0.069100
-0.068315
-0.067530
-0.066745
-0.065961
-0.065176
-0.064391
-0.063606
-0.062821
-0.062036
-0.061251
-0.060466
-0.059681
-0.058896
-0.058111
-0.057326
-0.056541
-0.055756
-0.054971
-0.054186
-0.053401
-0.052616
-0.051831
-0.051046
-0.050261
-0.049476
-0.048691
-0.047906
-0.047121
-0.046336
-0.045551
-0.044766
-0.043981
-0.043196
-0.042411
-0.041626
-0.040841
-0.040056
-0.039271
-0.038486
-0.037701
-0.036916
-0.036131
-0.035346
-0.034561
-0.033776
-0.032991
-0.032206
-0.031421
-0.030636
-0.029851
-0.029066
-0.028281
-0.027496
-0.026711
-0.025926
-0.025141
-0.024356
-0.023571
-0.022786
-0.022001
-0.021215
-0.020430
-0.019645
-0.018860
-0.018075
-0.017290
-0.016505
-0.015720
-0.014935
-0.014150
-0.013365
-0.012580
-0.011795
-0.011010
-0.010225
-0.009440
-0.008655
-0.007870
-0.007085
-0.006300
-0.005515
-0.004730
-0.003945
-0.003160
-0.002375
-0.001590
-0.000805
-0.000020
0.000765
0.001550
0.002335
0.003120
0.003905
0.004690
0.005475
0.006260
0.007045
0.007830
0.008615
0.009400
0.010185
0.010970
0.011755
0.012540
0.013326
0.014111
0.014896
0.015681
0.016466
0.017251
0.018036
0.018821
0.019606
0.020391
0.021176
0.021961
0.022746
0.023531
0.024316
0.025101
0.025886
0.026671
0.027456
0.028241
0.029026
0.029811
0.030596
0.031381
0.032166
0.032951
0.033736
0.034521
0.035305
0.036090
0.036875
0.037660
0.038445
0.039230
0.040015
0.040800
0.041585
0.042370
0.043155
0.043940
0.044725
0.045510
0.046295
0.047080
0.047865
0.048650
0.049435
0.050220
0.051005
0.051790
0.052575
0.053360
0.054145
0.054929
0.055714
0.056499
0.057284
0.058069
0.058854
0.059639
0.060424
0.061209
0.061994
0.062779
0.063564
0.064349
0.065133
0.065918
0.066703
0.067488
0.068273
0.069058
0.069843
0.070628
0.071413
0.072197
0.072982
0.073767
0.074552
0.075337
0.076122
0.076907
0.077692
0.078476
0.079261
0.080046
0.080831
0.081616
0.082401
0.083186
0.083970
0.084755
0.085540
0.086325
0.087110
0.087895
0.088679
0.089464
0.090249
0.091034
0.091819
0.092603
0.093388
0.094173
0.094958
0.095743
0.096527
0.097312
0.098097
0.098882
0.099667
0.100451
0.101236
0.102021
0.102806
0.103590
0.104375
0.105160
0.105945
0.106729
0.107514
0.108299
0.109084
0.109868
0.110653
0.111438
0.112222
0.113007
0.113792
0.114576
0.115361
0.116146
0.116931
0.117715
0.118500
0.119285
0.120069
0.120854
0.121639
0.122423
0.123208
0.123993
0.124777
0.125562
0.126347
0.127131
0.127916
0.128700
0.129485
0.130270
0.131054
0.131839
0.132623
0.133408
0.134193
0.134977
0.135762
0.136546
0.137331
0.138115
0.138900
0.139685
0.140469
0.141254
0.142038
0.142823
0.143607
0.144392
0.145176
0.145961
0.146745
0.147530
0.148314
0.149099
0.149883
0.150668
0.151452
0.152237
0.153021
0.153806
0.154590
0.155375
0.156159
0.156944
0.157728
0.158512
0.159297
0.160081
0.160866
0.161650
0.162435
0.163219
0.164003
0.164788
0.165572
0.166356
0.167141
0.167925
0.168710
0.169494
0.170278
0.171063
0.171847
0.172631
0.173416
0.174200
0.174984
0.175769
0.176553
0.177337
0.178121
0.178906
0.179690
0.180474
0.181258
0.182043
0.182827
0.183611
0.184395
0.185180
0.185964
0.186748
0.187532
0.188317
0.189101
0.189885
0.190669
0.191453
0.192237
0.193022
0.193806
0.194590
0.195374
0.196158
0.196942
0.197726
0.198511
0.199295
0.200079
0.200863
0.201647
0.202431
0.203215
0.203999
0.204783
0.205567
0.206351
0.207135
0.207919
0.208703
0.209488
0.210272
0.211056
0.211840
0.212624
0.213408
0.214191
0.214975
0.215759
0.216543
0.217327
0.218111
0.218895
0.219679
0.220463
0.221247
0.222031
0.222815
0.223599
0.224382
0.225166
0.225950
0.226734
0.227518
0.228302
0.229086
0.229869
0.230653
0.231437
0.232221
0.233005
0.233788
0.234572
0.235356
0.236140
0.236924
0.237707
0.238491
0.239275
0.240058
0.240842
0.241626
0.242410
0.243193
0.243977
0.244761
0.245544
0.246328
0.247112
0.247895
0.248679
0.249462
0.250246
0.251030
0.251813
0.252597
0.253380
0.254164
0.254948
0.255731
0.256515
0.257298
0.258082
0.258865
0.259649
0.260432
0.261216
0.261999
0.262783
0.263566
0.264350
0.265133
0.265916
0.266700
0.267483
0.268267
0.269050
0.269834
0.270617
0.271400
0.272184
0.272967
0.273750
0.274534
0.275317
0.276100
0.276884
0.277667
0.278450
0.279234
0.280017
0.280800
0.281583
0.282367
0.283150
0.283933
0.284716
0.285499
0.286283
0.287066
0.287849
0.288632
0.289415
0.290198
0.290982
0.291765
0.292548
0.293331
0.294114
0.294897
0.295680
0.296463
0.297246
0.298029
0.298812
0.299595
0.300378
0.301161
0.301944
0.302727
0.303510
0.304293
0.305076
0.305859
0.306642
0.307425
0.308208
0.308991
0.309774
0.310557
0.311340
0.312122
0.312905
0.313688
0.314471
0.315254
0.316037
0.316819
0.317602
0.318385
0.319168
0.319950
0.320733
0.321516
0.322299
0.323081
0.323864
0.324647
0.325429
0.326212
0.326995
0.327777
0.328560
0.329343
0.330125
0.330908
0.331690
0.332473
0.333256
0.334038
0.334821
0.335603
0.336386
0.337168
0.337951
0.338733
0.339516
0.340298
0.341081
0.341863
0.342646
0.343428
0.344210
0.344993
0.345775
0.346558
0.347340
0.348122
0.348905
0.349687
0.350469
0.351252
0.352034
0.352816
0.353598
0.354381
0.355163
0.355945
0.356727
0.357510
0.358292
0.359074
0.359856
0.360638
0.361420
0.362203
0.362985
0.363767
0.364549
0.365331
0.366113
0.366895
0.367677
0.368459
0.369241
0.370023
0.370805
0.371587
0.372369
0.373151
0.373933
0.374715
0.375497
0.376279
0.373146
0.370013
0.366881
0.363748
0.360615
0.357483
0.354350
0.351217
0.348084
0.344952
0.341819
0.338686
0.335554
0.332421
0.329288
0.326155
0.323023
0.319890
0.316757
0.313625
0.310492
0.307359
0.304226
0.301094
0.297961
0.294828
0.291696
0.288563
0.285430
0.282297
0.279165
0.276032
0.272899
0.269767
0.266634
0.263501
0.260368
0.257236
0.254103
0.250970
0.247838
0.244705
0.241572
0.238439
0.235307
0.232174
0.229041
0.225909
0.222776
0.219643
0.216510
0.213378
0.210245
0.207112
0.203980
0.200847
0.197714
0.194581
0.191449
0.188316
0.185183
0.182050
0.178918
0.175785
0.172652
0.169520
0.166387
0.163254
0.160121
0.156989
0.153856
0.150723
0.147591
0.144458
0.141325
0.138192
0.135060
0.131927
0.128794
0.125662
0.122529
0.119396
0.116263
0.113131
0.109998
0.106865
0.103733
0.100600
0.097467
0.094334
0.091202
0.088069
0.084936
0.081804
0.078671
0.075538
0.072405
0.069273
0.066140
0.063007
0.059875
0.056742
0.053609
0.050476
0.047344
0.044211
0.041078
0.037946
0.034813
0.031680
0.028547
0.025415
0.022282
0.019149
0.016017
0.012884
0.009751
0.006618
0.003486
0.000353
-0.002780
-0.005912
-0.009045
-0.012178
-0.015311
-0.018443
-0.021576
-0.024709
-0.027842
-0.030974
-0.034107
-0.037240
-0.040372
-0.043505
-0.046638
-0.049771
-0.052903
-0.056036
-0.059169
-0.062301
-0.065434
-0.068567
-0.071700
-0.074832
-0.077965
-0.081098
-0.084230
-0.087363
-0.090496
-0.093629
-0.096761
-0.099894
-0.103027
-0.106159
-0.109292
-0.112425
-0.115558
-0.118690
-0.121823
-0.124956
-0.128088
-0.131221
-0.134354
-0.137487
-0.140619
-0.143752
-0.146885
-0.150017
-0.153150
-0.156283
-0.159416
-0.162548
-0.165681
-0.168814
-0.171946
-0.175079
-0.178212
-0.181345
-0.184477
-0.187610
-0.190743
-0.193875
-0.197008
-0.200141
-0.203274
-0.206406
-0.209539
-0.212672
-0.215804
-0.218937
-0.222070
-0.225203
-0.228335
-0.231468
-0.234601
-0.237733
-0.240866
-0.243999
-0.247132
-0.250264
-0.253397
-0.256530
-0.259663
-0.262795
-0.265928
-0.269061
-0.272193
-0.275326
-0.278459
-0.281592
-0.284724
-0.287857
-0.290990
-0.294122
-0.297255
-0.300388
-0.303521
-0.306653
-0.309786
-0.312919
-0.316051
-0.319184
-0.322317
-0.325450
-0.328582
-0.331715
-0.334848
-0.337980
-0.341113
-0.344246
-0.347379
-0.350511
-0.353644
-0.356777
-0.359909
-0.363042
-0.366175
-0.369308
-0.372440
-0.375573
-0.378706
-0.381838
-0.384971
-0.388104
-0.391237
-0.394369
-0.397502
-0.400635
-0.403767
-0.406900
